@locator cb_gencow_orient 0 0 -1 0 22.9785 12.2572 -0.371343 32757
@locator cb_gengoat_orient 0 0 1 0 19.3394 12.3795 -0.372854 32757
@locator cb_genhorse_orient 0 0 -0.448309 0.893879 21.4059 22.5884 -0.371361 32757
@locator cb_pipe 0 0 -0.92388 0.382682 17.247 17.2218 0 32757
@locator cb_player1 0 0 0.382682 0.92388 14.713 19.7558 0 32757
@locator cb_player2 0 0 -0.92388 0.382682 19.781 14.6877 0 32757
@locator cb_player3 0 0 -0.382685 0.923879 19.781 19.7558 0 32757
@locator cb_player4 -0 1e-06 0.923879 0.382684 14.713 14.6878 0 32757
@locator collision_1 0 0 0 1 17.3555 17.3966 -0.689707 32757
@locator gfdgf 0 0 -0.082757 0.99657 30.4988 31.0218 5.30467 32757
@locator hgf 0 0 0.118169 0.992994 14.4092 30.1613 0.168859 32757
@locator levelobj 0 0 0 1 14.4748 16.2577 -1.00263 32757
@locator mud_01 0.542559 -0.497164 -0.457439 0.499207 13.4191 17.0851 -0.804754 32757
@locator mud_02 -0.007486 -0.707067 0.707105 0.001943 20.6136 17.3961 -0.873721 32757
@locator mud_03 -0.02848 -0.652309 0.756697 0.033038 17.3111 14.7241 -0.79538 32757
@locator mud_04 -0.035815 -0.76141 0.646566 0.030413 17.522 19.8463 -0.7983 32757
@locator mud_flies -0.007486 -0.707067 0.707105 0.001943 17.232 17.2723 1.48988 32757
@locator new_mud 0 0 0 1 17.3555 17.3966 -0.689707 32757
@locator object02 0 0 0 1 18.0513 16.9609 4.42915 32757
@locator object03 0 0 0 1 18.0513 16.9609 4.42915 32757
@locator object04 0 0 0 1 18.0513 16.9609 4.42915 32757
@locator object05 0 0 0 1 17.0922 17.4461 -0.647024 32757
@locator object06 0 0 0 1 13.9574 20.4228 0.101754 32757
@locator object65 0 0 0 1 18.0513 16.9609 4.42915 32757
@locator plane02 0 0 0 1 24.0378 17.6951 1.64505 32757
@locator platform 0 0 0 1 13.9574 20.4228 0.101754 32757
@locator theground 0 0 0 1 18.0513 16.9609 4.42915 32757
